754706256
254647176
914923052
1646541223
1464519656
540417799
1908726833


1646541223
1157012415
1646541223
1157012415
1908726833
1157012415
1646541223
1908726833
1157012415
1908726833
1157012415
1908726833
1157012415
1157012415
1157012415
1908726833
1157012415
317883202
118401148
1157012415
118401148
317883202
1157012415
1157012415
1908726833
1646541223
317883202
317883202
1908726833
317883202
1157012415
317883202
1157012415
118401148
317883202
317883202
2044980906
317883202
317883202
2044980906
118401148
1908726833
118401148
317883202
317883202
1908726833
1157012415
317883202
1157012415
118401148
317883202
2044980906
1157012415
1646541223
2044980906
317883202
317883202
1908726833
1646541223
1157012415
1157012415
1646541223
1646541223
2044980906
1157012415
317883202
317883202
2044980906
1646541223
1908726833
1908726833
118401148
1908726833
317883202
1157012415
1646541223
1157012415
317883202
1908726833
1908726833
1908726833
1157012415
1157012415
1157012415
1646541223
1157012415
1908726833
1157012415
2044980906
118401148
1646541223
317883202
1157012415
317883202
1157012415
1157012415
1157012415
317883202
317883202
1157012415
1157012415
2044980906
2044980906
1157012415
1646541223
1157012415
118401148
317883202
1157012415
1157012415
317883202
118401148
1908726833
2044980906
1908726833
1157012415
1908726833
2044980906
1157012415
1157012415
1908726833
1157012415
317883202
1157012415
2044980906
317883202

